0 0.225 0.08984375 0.22421875 0.05234375
0 0.446875 0.10703125 0.18046875 0.040625
0 0.64140625 0.10703125 0.16484375 0.0359375
0 0.79609375 0.12265625 0.08671875 0.0359375
0 0.14296875 0.31171875 0.08125 0.08125
0 0.415625 0.225 0.06484375 0.03203125
0 0.15546875 0.1984375 0.1 0.025
0 0.16875 0.39140625 0.07265625 0.0453125
0 0.165625 0.43203125 0.078125 0.025
0 0.159375 0.475 0.059375 0.0390625
0 0.14140625 0.521875 0.12109375 0.0421875
0 0.165625 0.57890625 0.07265625 0.04375
0 0.16484375 0.6375 0.08125 0.04765625
0 0.36015625 0.5359375 0.03515625 0.04921875
0 0.70703125 0.234375 0.140625 0.021875
0 0.690625 0.41796875 0.11328125 0.0609375
0 0.81953125 0.446875 0.09453125 0.0640625
0 0.165625 0.6921875 0.078125 0.0375
0 0.16484375 0.7453125 0.10234375 0.0453125
0 0.15234375 0.859375 0.11640625 0.0203125
0 0.21484375 0.89296875 0.2078125 0.02890625
0 0.50625 0.62578125 0.05703125 0.040625
0 0.7640625 0.52109375 0.11328125 0.06640625
0 0.74375 0.61484375 0.09453125 0.065625
0 0.859375 0.653125 0.09453125 0.06640625
0 0.79609375 0.71484375 0.11875 0.05625
0 0.63671875 0.8484375 0.09140625 0.0859375
0 0.7015625 0.7671875 0.11875 0.0359375
0 0.20390625 0.9296875 0.1859375 0.015625
0 0.3859375 0.8921875 0.05390625 0.05078125
0 0.52109375 0.49921875 0.04296875 0.040625
0 0.928125 0.3234375 0.08671875 0.03515625
0 0.2453125 0.20859375 0.06796875 0.0234375
0 0.1828125 0.04765625 0.15625 0.02421875
0 0.3515625 0.3984375 0.0453125 0.04453125
0 0.36640625 0.44296875 0.0390625 0.0328125
0 0.2765625 0.85859375 0.10078125 0.0234375
0 0.55703125 0.8 0.06171875 0.04453125
0 0.51640625 0.56328125 0.08828125 0.01796875
0 0.71875 0.35625 0.06953125 0.04296875
0 0.8296875 0.30234375 0.0984375 0.01953125
0 0.60703125 0.3109375 0.2078125 0.02578125
0 0.48828125 0.38125 0.059375 0.10625
0 0.57421875 0.4171875 0.08828125 0.021875
0 0.36640625 0.27734375 0.05546875 0.0265625
0 0.353125 0.3140625 0.03671875 0.02890625
0 0.3296875 0.77109375 0.05546875 0.053125
0 0.934375 0.1921875 0.0453125 0.07265625
0 0.94609375 0.49296875 0.10078125 0.059375
0 0.975 0.36875 0.046875 0.04296875
0 0.36171875 0.6328125 0.02890625 0.0328125
0 0.40703125 0.7890625 0.0453125 0.03671875
0 0.39375 0.8359375 0.05546875 0.0421875
0 0.47265625 0.90078125 0.07421875 0.02578125
0 0.87734375 0.81875 0.04921875 0.02890625
0 0.971875 0.8296875 0.053125 0.02890625
0 0.540625 0.23046875 0.03671875 0.03203125
0 0.11953125 0.15078125 0.025 0.05625