0 0.16808607343610726 0.1497536175844822 0.23379598997087014 0.10367057526193676
0 0.38943823620994644 0.14729987898444855 0.18637542069139795 0.08164275595208474
0 0.5807391861308042 0.13027018815484195 0.17052310015828454 0.07273764951546742
0 0.7359578835443794 0.1325478721991846 0.09359688730530316 0.05488387797604237
0 0.1287210112162641 0.377780428596461 0.09486988229073816 0.09863387797604233
0 0.38046170447320427 0.26751954383515464 0.07149456677218975 0.04554172896477802
0 0.1199561134861197 0.2641167663436449 0.1043070667721897 0.047836202481674486
0 0.16840328833415277 0.45540268404434264 0.08132420783841657 0.06182229282674854
0 0.17349160510634248 0.496300835653497 0.08234113855894436 0.043181553470410174
0 0.17476460009177758 0.540050835653497 0.06547188730530307 0.05291718639013112
0 0.16601773739708067 0.5877781414696956 0.12833560015828455 0.06978761213660042
0 0.20037601702225186 0.6431976149865921 0.07971624373179384 0.060150532183086726
0 0.21065193896729104 0.7016110485267317 0.08927310015828453 0.06705609604505725
0 0.38339545401098585 0.5827075012605076 0.04377874373179384 0.05763753737886681
0 0.6692597800208826 0.25184989323440654 0.143460494985435 0.05369271857321785
0 0.6871018125490476 0.4363177283837004 0.12258570533113407 0.08653806956195353
0 0.8186018651354724 0.4540893724512861 0.10539820533113406 0.08533620248167466
0 0.22159545064577352 0.7561728623887021 0.08426735141192579 0.05579081411407198
0 0.2301497482176334 0.8090082852851799 0.11114810015828454 0.06858574505632156
0 0.2389601100544004 0.9242344475379959 0.11827863855894431 0.04569454827462991
0 0.30682957165374064 0.9523701552154507 0.21114810015828453 0.07557842625067224
0 0.5439214285424498 0.6602037065921739 0.06390938730530316 0.05280792574646931
0 0.778019980733163 0.5331159547505884 0.12428459765100222 0.09133483020561535
0 0.7753245412371467 0.6280460424977724 0.10544366943775678 0.08689870248167467
0 0.8962280746232416 0.6567716120597259 0.10548913354437914 0.08846120248167466
0 0.8451489594212621 0.7233692501752269 0.12869931301126628 0.08228761213660044
0 0.7137806021368416 0.870894824176656 0.10759720282385157 0.10732046312533612
0 0.7619249339527261 0.7838207950956624 0.12502874373179368 0.06331909084927716
0 0.3032559422659963 0.9809738074932961 0.18721049498543502 0.03805238501340789
0 0.4747839497878437 0.9368265547309178 0.06418217194503928 0.062182925746469664
0 0.5355286038527012 0.5325321746611886 0.05136392319868044 0.05037134059717552
0 0.9028368096460537 0.32120009881817413 0.09355142319868044 0.053321377976042326
0 0.210467453219563 0.2665476336760256 0.07287521034569897 0.03940098960843983
0 0.11862563103709696 0.11121028763096841 0.15922188730530312 0.059472825009835265
0 0.34979804084143523 0.4462565490309348 0.05301735141192587 0.05360560124083733
0 0.37290057172024765 0.48997369804219904 0.04488660266556703 0.04212179802252862
0 0.36102532666830556 0.9124989080654423 0.10426160266556703 0.04627370248167466
0 0.6260389097378314 0.8296746084534299 0.0702957796251713 0.057932468321116204
0 0.5420801322242312 0.5969224565921738 0.09001724623907634 0.03904035668871888
0 0.703161070070895 0.37194922578581036 0.07659124373179385 0.05993201089576328
0 0.8018964352728745 0.30868403730199223 0.10104567445232178 0.04293018119435103
0 0.5844194302583094 0.33713754718934935 0.2110571719450391 0.0724534262506725
0 0.48071542022917957 0.41720782342035134 0.07831887978345567 0.11930701089576327
0 0.5719769177218972 0.44541994075273195 0.09167067445232177 0.04227461733238051
0 0.34234559052486613 0.32410839742178044 0.06037521034569897 0.03852690445914595
0 0.33564696113712184 0.36184334420347175 0.04318771034569906 0.03732503737886681
0 0.3973372482176334 0.8206991741569855 0.06583560015828453 0.06541718639013112
0 0.88497805674306 0.18974800302521855 0.05852320533113371 0.0820583831718225
0 0.948583567167901 0.4891577771625336 0.10283286566419783 0.08253898441265975
0 0.9570529482049981 0.36241496070267315 0.054579851411925874 0.05371486188449896
0 0.4033789965682807 0.6800031183407869 0.033903638558944314 0.03979447351689647
0 0.47640262259081273 0.8316855866619031 0.05127299498543501 0.047246340597175515
0 0.47234325989611586 0.8797406744090871 0.062392351411925874 0.0542611651028075
0 0.5621248254146642 0.937476400775975 0.07917067445232177 0.04140053218308672
0 0.9446381455520664 0.8199871600822546 0.05417067445232178 0.039652361884499145
0 0.5042712775136001 0.2621432650062626 0.043278638558944496 0.04045003737886681
0 0.07578256466061865 0.2197058486429472 0.03454013605166188 0.061669473516896466