0 0.2702675940085905 0.07426380684353254 0.23057838534372674 0.08592154844057553
0 0.48949030868077215 0.12380218631074733 0.18506589067472703 0.06688770555093822
0 0.683476666016863 0.1520093938388519 0.16936816534054522 0.06000103558899426
0 0.8354027926877718 0.18943509246970786 0.09115225867281787 0.04900518577927473
0 0.168052755370771 0.28249811809850833 0.09009883601209037 0.09269151878308027
0 0.44706754602958954 0.2360820104173044 0.06918635200509068 0.04030134783255317
0 0.1909715400222717 0.17176620653952138 0.10198067067154523 0.04007585475263546
0 0.18618568471513414 0.3644484550566466 0.07718066534054513 0.05624468281352515
0 0.1788458993873157 0.40475512007567466 0.08006930800445433 0.036059516805913995
0 0.1691805453930427 0.4465287846004111 0.06302725867281786 0.04785917984777566
0 0.14704246339908789 0.49013686315559246 0.12563634667409057 0.05978085969555132
0 0.16570210407381478 0.5502440336118279 0.07716248400699968 0.05468218281352506
0 0.15934356341499623 0.6077700321289532 0.08657384667409058 0.0581891847906915
0 0.36309472473740584 0.5356416586304185 0.03968066534054513 0.05471667490485963
0 0.7365936700349984 0.2877041547132668 0.14260567067154534 0.04173119665368965
0 0.7035373640594973 0.46674039729889305 0.11958634134309047 0.0767136917107738
0 0.8290282600652243 0.5140212569944443 0.10085452267663583 0.0775121877564409
0 0.1552924100890868 0.6622665311403699 0.0817772586728179 0.04862318380210837
0 0.14965148476285922 0.7143556131555924 0.10846702800763604 0.060643022737412976
0 0.12596054077813124 0.8258369412164821 0.11756930800445434 0.03758752471457925
0 0.18501791478354007 0.8680682035737718 0.20995680267345423 0.05853137749004844
0 0.5002503740849507 0.6458681872993305 0.06148294000636341 0.04935801285158128
0 0.766537898074451 0.5794114936485715 0.11964088534372674 0.0814011917107738
0 0.7379140060868596 0.669608070720878 0.10087270401018138 0.07907468775644091
0 0.8494333087603139 0.7241284274506798 0.10087270401018138 0.07907468775644108
0 0.7805384054344044 0.7759827461200295 0.12423747867599957 0.07377969269935694
0 0.6092366647835401 0.8853537930405491 0.09954656134627218 0.09932352076024671
0 0.6818105514401315 0.8141273918616856 0.12243862133990877 0.053403525703162556
0 0.17136449478831256 0.9026514506080223 0.1863374893379998 0.04195137254713259
0 0.35553040945253994 0.8921954061589605 0.05844884667409058 0.05704317885919252
0 0.5269299580680877 0.5227954432308296 0.04896475867281787 0.04728617688202626
0 0.9488311353834977 0.4080179491995096 0.09113407733927233 0.04744268577927464
0 0.27948005669158976 0.1948946418245045 0.07067612667090888 0.03411501482874759
0 0.23224942600254533 0.028204548934867135 0.1582488520050907 0.04393036661563354
0 0.3677447673854067 0.39839632661519603 0.05056362133990877 0.05047484387822045
0 0.3784373667249973 0.44490391209045954 0.042605670671545234 0.037656508897248565
0 0.2503247414464948 0.8433984674139363 0.10196248933799978 0.03851335475263547
0 0.534363386775904 0.8260796107213155 0.06776930267345413 0.05273768083635879
0 0.5159475520766783 0.5855991907593716 0.08938976400381797 0.03175401878308026
0 0.7372305640515431 0.40954732121516957 0.07401930267345432 0.052992348821136306
0 0.852364668045816 0.37207117893355457 0.10034544533736352 0.03376218775644109
0 0.630326036043907 0.348967965473951 0.2099204400063634 0.05540637749004844
0 0.5052084047183157 0.40087402228030256 0.0716215560152719 0.11536501482874754
0 0.5877669133911337 0.449529039580508 0.08942612667090888 0.03487901878308044
0 0.39370673603595285 0.2807604990485979 0.05975680800445442 0.0352318458553869
0 0.3769283160407254 0.3152164120904596 0.04098862667090888 0.03290534190105419
0 0.31108897143535896 0.7638820637636148 0.06162839067472694 0.06185801285158128
0 0.966844244032453 0.27834503665193955 0.05401588534372692 0.0787271778706093
0 0.9486439557009756 0.5783304491995096 0.10271208859804873 0.0730793557412186
0 0.9819783480267261 0.45788795661388343 0.036043303946547665 0.05009284190105419
0 0.35562821741722345 0.6321664901513493 0.03166817067154515 0.03721083992388792
0 0.3863980541056315 0.7935005795809456 0.04892839600572696 0.044161176882026074
0 0.36894747211167667 0.8372996591247099 0.061501121339908774 0.05092051285158128
0 0.4416769947883125 0.9136658409496519 0.07694430800445425 0.03593218281352506
0 0.8521508707829039 0.890566510948777 0.0535068080044546 0.03497717787060921
0 0.9453650687857673 0.9154484472223434 0.05663180800445424 0.035104511862998324
0 0.5714953813653622 0.2591122866147585 0.041024989337999786 0.03603034190105418
0 0.15913064668204474 0.11971161661563354 0.031922709341181486 0.05908583992388783