0 0.10434720574818701 0.07832164326229693 0.07987589867609243 0.1059966298696163
0 0.1277376639775734 0.19504153896022586 0.06559507485477489 0.10106366801906326
0 0.12912468961813656 0.2918619918823252 0.05436647642635144 0.09462275324641087
0 0.13805023345566475 0.36617619926865136 0.0526198858558109 0.057122753246410876
0 0.2610297768789082 0.5931398940730758 0.10713191149637406 0.15487050649282175
0 0.11294968775610972 0.4976619784896446 0.03477741439185813 0.042760244317956976
0 0.2247132096771284 0.06481034253094828 0.03706766046291676 0.05841251785690749
0 0.3388120969806814 0.0675825608743231 0.09124573821317572 0.04842959172016938
0 0.2572796147633617 0.19418024269310408 0.03739299214211718 0.03187729139585782
0 0.25152838254604204 0.3221006911509765 0.027619885855810898 0.056686376623205435
0 0.15211069519970782 0.6177796095770769 0.06406680810555185 0.06825116801906325
0 0.1493902636443419 0.6934517654212755 0.06286818114108117 0.07603639448011279
0 0.15953585917728122 0.8107210860381265 0.07471751778268035 0.12932503571381487
0 0.15272939515692657 0.9159852844959989 0.05996150496239876 0.08066934740221221
0 0.2660106451569266 0.9179626160698987 0.03423375889134013 0.06460797077900651
0 0.3437416153825342 0.44158312256272036 0.041900709677128486 0.061619338473758486
0 0.39131012820281574 0.4908115551922802 0.039974336641599176 0.0537795649348082
0 0.44742307940288883 0.338009883519769 0.08357878742738745 0.051418224025417736
0 0.42373290653397533 0.08077408197764145 0.04691354135632882 0.035165932629559846
0 0.45850816687305757 0.08996784983454893 0.02696491439185813 0.04262387662320544
0 0.5052012303552929 0.08687980600305914 0.05196491439185813 0.04306025324641087
0 0.55438359305174 0.08695767247999484 0.04509848428423417 0.0632363855516592
0 0.6087992653014809 0.09883610957378157 0.052037688998963993 0.04462275324641087
0 0.6700642510334573 0.10693102759284483 0.055817660462916766 0.058739800324311545
0 0.7313292367654336 0.11502594561190808 0.04949488585581072 0.0570682061685102
0 0.7834546629441161 0.11125210916674448 0.04934933664159917 0.053943206168510206
0 0.8950471344080688 0.1272510304322186 0.0331079065339754 0.07395569724005649
0 0.9360552781217624 0.15294650567545226 0.053458947890304385 0.10865797970746054
0 0.928974832298373 0.2355680909027999 0.06261131596343468 0.03700116801906326
0 0.8779282167064417 0.3463049935005877 0.108724336641599 0.05497960064862308
0 0.634507856491194 0.3826480478853843 0.07442211124870504 0.05594208279171564
0 0.5655094917278325 0.1917542666357962 0.0527996683207995 0.027462526785361208
0 0.6525964228689135 0.2682134009696394 0.04691354135632882 0.035165932629559825
0 0.46904767638357014 0.4000559159871731 0.07100601282028159 0.049637535713814886
0 0.5174894844891221 0.46803434861673293 0.052328787427387446 0.05087275324641087
0 0.6199659751834972 0.5564713315706044 0.058976893713693815 0.02600912094116268
0 0.7559955204687674 0.5775804926898088 0.18401543507002263 0.0625387305182393
0 0.84663548304138 0.529203268257354 0.049422111248705033 0.05550570616851012
0 0.6808049677398991 0.4380992069759938 0.06333906203449331 0.05262616801906326
0 0.7361987890800172 0.4039384411476812 0.07783820967712848 0.0622466298696164
0 0.5218729617440431 0.260467310467286 0.046767992142117264 0.03204093262955983
0 0.379109727045524 0.34618484780595404 0.040299668320799585 0.02724433847375849
0 0.6774017936281312 0.6331935186643911 0.03423375889134021 0.06460797077900686
0 0.5557258467712843 0.6185798193957398 0.04691354135632899 0.035165932629560005
0 0.4481359786981538 0.6885183981302656 0.061194365177646405 0.04009889448011279
0 0.49070446835907167 0.6806746704514 0.03655823821317572 0.04747501785690744
0 0.5221899088057776 0.6695150279998818 0.037756865177646405 0.03968979139585791
0 0.6889086819651415 0.7294099995896677 0.033797111248705033 0.055232970779006865
0 0.7207044915184354 0.7416742203686745 0.027619885855810898 0.056686376623205345
0 0.7608393399468588 0.748619695611908 0.035359611248705035 0.05526024431795697
0 0.4836861426757272 0.8819507982924215 0.07075345574818712 0.07773526217486477
0 0.47786632816003455 0.790517274753471 0.06439213978475226 0.041715941558013725
0 0.47801403142702215 0.8272087512145208 0.07162244292790554 0.02935230925276535
0 0.2933992828747643 0.7685626339268061 0.0351070541766104 0.08335797077900668
0 0.5657366633538917 0.900556522317839 0.054075377997927984 0.0883727532464107
0 0.6422820467285032 0.9182855389569304 0.07983735731976367 0.07164890340856686
0 0.6439279758026697 0.802783269882207 0.04960189371369381 0.025845479707460584
0 0.639060693337681 0.8323616757264057 0.05621576674922295 0.03376707386326174
0 0.6302871608726923 0.8618718977232284 0.05628854135632881 0.03532957386326174
0 0.73454220553879 0.6365327528360785 0.055162688998963996 0.04467730032431163
0 0.7908114762169545 0.6546884634688156 0.04393409057054072 0.038236385551659244
0 0.3648248267122925 0.8439677828711458 0.04124573821317572 0.04755683847375849
0 0.46272513337010235 0.9658887372145799 0.06272263192686936 0.06822252557084027
0 0.548606743794747 0.3819292532431156 0.08579625889134021 0.06550799756436802
0 0.5865627779123656 0.6940571063273706 0.030672111248705038 0.05517842370110628
0 0.6141248517336831 0.6992218932590016 0.035796258891340214 0.06463524431795716
0 0.18486107505966265 0.49969781128136026 0.04684076674922304 0.033603432629560004
0 0.8054260163349383 0.1975032548646734 0.049892992142117266 0.032095479707460496
0 0.757063676588458 0.8016356014561067 0.029653266749222952 0.03330342370110628
0 0.3346833308506309 0.28061834902377003 0.03216614474715103 0.12077615016215582
0 0.7971705223307943 0.3722168827056948 0.04593323821317554 0.047638659090609534
0 0.3192509218354562 0.16715982102059282 0.07154966832079959 0.027789809252765262
0 0.3155973447043698 0.42391833563108944 0.03194782092583344 0.11608865016215582
0 0.42416105376232577 0.24080760105236493 0.07325771753501123 0.03094208279171564
0 0.47221325599585595 0.18310024106825099 0.03710189371369381 0.025627291395857822
0 0.4225578583532209 0.17286612459131528 0.044914393713693636 0.025763659090609535
0 0.17354881596343472 0.0389375892845374 0.06024829528527027 0.019786394480112924
0 0.20211704156121665 0.4344273672877145 0.07125856989237614 0.02153980925276535
0 0.22709980913900915 0.1663319322225228 0.03234161910658786 0.023982970779006775
0 0.24885283870851377 0.2478955779204517 0.03346747146395277 0.014635244317957152
0 0.667253928245597 0.19743329666756831 0.03673802067816432 0.017814791395857822
0 0.9371897466902311 0.27786468505860124 0.034486315963434676 0.03651024431795715
0 0.7026202332462678 0.9232418202065187 0.04080909057054072 0.038181838473758486
0 0.5899872609582547 0.2647787094116258 0.02220463978475227 0.04097955600635448
0 0.34889591976403245 0.9209706136342666 0.04000856989237613 0.02099433847375849
0 0.3460405934615155 0.8764257268647914 0.02452911910658795 0.023846603084255236
0 0.36680254962398723 0.8026297167185217 0.02809076674922295 0.033276150162155814
0 0.37446734635699963 0.7660746079522237 0.021695217535011312 0.0300420560063543
0 0.34373969292339623 0.977865495939515 0.023257717535011314 0.03006932954530477
0 0.8483756114535929 0.46600383887420505 0.028017992142117264 0.03171365016215581
0 0.8421105330841613 0.23092940949105606 0.07482021753501122 0.030969356330665932
0 0.8969949321745384 0.18583114366274345 0.036194365177646404 0.039662517856907484
0 0.5753641046291673 0.5876980121715694 0.09833049214211727 0.032940959414921166
0 0.40756448262709527 0.672197922887032 0.0260573858558109 0.05665910308425506
0 0.5559827119489308 0.6576150458567893 0.037756865177646405 0.03968979139585791
0 0.10694159036114359 0.5865472004864674 0.03550516046291672 0.05838524431795715
0 0.11271651715899855 0.8278579931001412 0.03877570967712844 0.06156479139585791
0 0.10990619437113829 0.9183602621748646 0.03306936517764645 0.039607970779006865
0 0.4573311962331651 0.7183422658250173 0.036810795285270356 0.01937729139585791