0 0.10546875 0.071875 0.1 0.06953125
0 0.2203125 0.0984375 0.09609375 0.0546875
0 0.3171875 0.1015625 0.090625 0.04296875
0 0.390625 0.1125 0.053125 0.04765625
0 0.60703125 0.240625 0.14609375 0.090625
0 0.525 0.090625 0.03984375 0.0296875
0 0.08125 0.1921875 0.05703125 0.03125
0 0.07421875 0.30546875 0.03984375 0.0859375
0 0.2078125 0.22734375 0.0296875 0.034375
0 0.33671875 0.225 0.0546875 0.02109375
0 0.64140625 0.13203125 0.06328125 0.05625
0 0.71796875 0.13125 0.07109375 0.0546875
0 0.834375 0.14453125 0.12265625 0.0609375
0 0.940625 0.13984375 0.0765625 0.0515625
0 0.93203125 0.253125 0.0625 0.0265625
0 0.4484375 0.31953125 0.05859375 0.034375
0 0.49375 0.36796875 0.0515625 0.034375
0 0.3359375 0.4203125 0.0453125 0.07890625
0 0.0796875 0.390625 0.03203125 0.04296875
0 0.0859375 0.42578125 0.03984375 0.021875
0 0.07890625 0.471875 0.0390625 0.04609375
0 0.075 0.52109375 0.059375 0.03671875
0 0.08203125 0.57578125 0.03984375 0.04609375
0 0.084375 0.63671875 0.0546875 0.04921875
0 0.0875 0.6984375 0.053125 0.04453125
0 0.07890625 0.75 0.04921875 0.04453125
0 0.08515625 0.86171875 0.07109375 0.025
0 0.1078125 0.903125 0.1046875 0.03984375
0 0.190625 0.8984375 0.03203125 0.059375
0 0.30625 0.85 0.0453125 0.10234375
0 0.3640625 0.6078125 0.04921875 0.06796875
0 0.17890625 0.534375 0.0234375 0.04921875
0 0.24765625 0.6234375 0.03203125 0.04296875
0 0.39609375 0.44375 0.04375 0.06640625
0 0.46015625 0.49296875 0.04765625 0.04609375
0 0.5390625 0.59765625 0.021875 0.05625
0 0.5484375 0.73359375 0.04765625 0.178125
0 0.4921875 0.82265625 0.0515625 0.04453125
0 0.415625 0.65546875 0.046875 0.0578125
0 0.3765625 0.71015625 0.05546875 0.07109375
0 0.2515625 0.49296875 0.028125 0.04296875
0 0.35 0.35234375 0.0234375 0.03671875
0 0.6109375 0.65625 0.0625 0.0265625
0 0.60703125 0.53515625 0.03125 0.04453125
0 0.68671875 0.42890625 0.03515625 0.0578125
0 0.675 0.471875 0.0453125 0.03125
0 0.6609375 0.50234375 0.0375 0.0328125
0 0.70625 0.6703125 0.053125 0.028125
0 0.71640625 0.70234375 0.0546875 0.02109375
0 0.71953125 0.7421875 0.053125 0.0296875
0 0.87734375 0.46953125 0.07109375 0.0625
0 0.7859375 0.4609375 0.0359375 0.059375
0 0.82265625 0.4625 0.0234375 0.06796875
0 0.78046875 0.2765625 0.08125 0.025
0 0.8890625 0.5515625 0.084375 0.04453125
0 0.9 0.628125 0.06484375 0.07109375
0 0.784375 0.62734375 0.021875 0.04609375
0 0.8140625 0.62265625 0.0296875 0.053125
0 0.84453125 0.61484375 0.03125 0.053125
0 0.609375 0.71328125 0.03984375 0.05
0 0.62265625 0.7703125 0.03359375 0.03984375
0 0.84921875 0.35 0.04296875 0.0359375
0 0.965625 0.45 0.06875 0.0546875
0 0.37109375 0.52265625 0.05859375 0.07890625
0 0.68046875 0.5671875 0.053125 0.025
0 0.6828125 0.5953125 0.0625 0.028125
0 0.5203125 0.1625 0.0296875 0.04296875
0 0.16328125 0.77421875 0.028125 0.04609375
0 0.77265625 0.73984375 0.03203125 0.0265625
0 0.28828125 0.30625 0.11796875 0.01953125
0 0.3390625 0.76953125 0.04453125 0.03984375
0 0.17578125 0.28828125 0.02109375 0.06875
0 0.4328125 0.290625 0.1140625 0.01875
0 0.240625 0.3953125 0.02578125 0.0703125
0 0.178125 0.44140625 0.02265625 0.034375
0 0.17265625 0.39140625 0.02265625 0.0421875
0 0.06015625 0.140625 0.0140625 0.0578125
0 0.45390625 0.178125 0.01484375 0.06953125
0 0.1828125 0.196875 0.021875 0.0296875
0 0.2625 0.2203125 0.0125 0.03046875
0 0.17578125 0.6359375 0.0140625 0.034375
0 0.2328125 0.90703125 0.03515625 0.03046875
0 0.89921875 0.68828125 0.034375 0.03828125
0 0.25 0.5609375 0.0390625 0.0171875
0 0.928125 0.3359375 0.0171875 0.03828125
0 0.88359375 0.33203125 0.02265625 0.02265625
0 0.8078125 0.35078125 0.03046875 0.02578125
0 0.77109375 0.3578125 0.02734375 0.01953125
0 0.9859375 0.33203125 0.028125 0.0203125
0 0.42890625 0.8234375 0.0296875 0.02578125
0 0.19375 0.81171875 0.025 0.071875
0 0.14375 0.86484375 0.03671875 0.03046875
0 0.57421875 0.55390625 0.02578125 0.0953125
0 0.67421875 0.38828125 0.0546875 0.0203125
0 0.64609375 0.5359375 0.03671875 0.0328125
0 0.6140625 0.08671875 0.05703125 0.0296875
0 0.85546875 0.09765625 0.06015625 0.03046875
0 0.94609375 0.09765625 0.03671875 0.028125
0 0.715625 0.4390625 0.01484375 0.034375