0 0.005864110778591911 0.8452011840365653 0.011728221557183822 0.10959763192686936
0 0.025573882149216236 0.7326262553766835 0.05114776429843247 0.10298375889134022
0 0.03589053981824168 0.6359139212162838 0.06034734937994446 0.097786836641599
0 0.060086901645740785 0.5631656259310134 0.05594326929603188 0.06021406203449331
0 0.22536039459677087 0.3546167636488511 0.11808991701630242 0.16119867328319826
0 0.06257512944992387 0.4275919989665427 0.037690176764564674 0.045351041356328815
0 0.08298606968772844 0.8773886377178378 0.04199916846619489 0.061121590570540715
0 0.19328402964577213 0.8909352533097689 0.09285127344521675 0.05414815260503403
0 0.14071790454552582 0.752476374897556 0.039986382573423504 0.03455909057054072
0 0.16136413649889378 0.6238419526478151 0.032387370125868876 0.05755994292790554
0 0.12410647053149856 0.3141801623249435 0.06770956348717308 0.07166098428423436
0 0.13772052986948674 0.2372537892894143 0.06830155933798818 0.07947348428423436
0 0.1713636692913875 0.12202689557572052 0.08314623195336797 0.1315454065339753
0 0.185072817011658 0.0283561323411542 0.06422936597668398 0.0567122646823084
0 0.29662562365035383 0.032067579405143445 0.03778526514684701 0.06413515881028689
0 0.27452883255949034 0.5173671666681697 0.04536096680652095 0.06439213978475226
0 0.33067301139864747 0.47504908002657054 0.043206470955705886 0.0565068651776464
0 0.354296997701693 0.6358752640631359 0.08683807178554286 0.0569820541766104
0 0.2789847313054461 0.8900576499189465 0.049716580083912554 0.03968323821317554
0 0.31431858006069063 0.886076471259065 0.029759277594401647 0.0434246683207995
0 0.35874308628446794 0.895684757652995 0.053315176764564674 0.04607878742738727
0 0.4064701912634899 0.9028037448327136 0.04848596680652086 0.06453768899896417
0 0.4620573404336528 0.8986577462804556 0.0549960759347277 0.04771406203449331
0 0.5219175925082453 0.8997621739068802 0.0591866684661948 0.061922111248704684
0 0.5833403445828378 0.9007938269261986 0.05281826929603177 0.06006851282028158
0 0.633115201636452 0.9117099021952584 0.052581470955705714 0.05694351282028158
0 0.7444195545408814 0.9119752677871895 0.038377260997662074 0.07496576674922295
0 0.7895311449977562 0.8919688287882256 0.05973204274124875 0.11021406203449331
0 0.7997125510163965 0.808974392270461 0.0654599792540754 0.04197348428423453
0 0.7728917871189493 0.6903357082338956 0.11207487012586874 0.06127144789030421
0 0.5440106931375895 0.6184757866033271 0.07769987012586874 0.05967040653397522
0 0.4384440869091678 0.7993319884225727 0.05369368506293455 0.03052656203449331
0 0.5381965557902813 0.7362989873891154 0.049598180913749526 0.03812073821317572
0 0.38752481741264333 0.5774976838316774 0.0741012734452168 0.05327485731976367
0 0.4482147862937567 0.5162840479758667 0.05546967261537983 0.05396406203449331
0 0.5658651501958483 0.44307552626424496 0.05994368506293437 0.030817660462916764
0 0.7013882531002776 0.4422128854460353 0.18778526514684693 0.0741396290313853
0 0.7792871875385122 0.5031995812694249 0.05269987012586874 0.05850601282028158
0 0.6006284686573988 0.569907699961728 0.06652557178554286 0.056035984284234175
0 0.6472540923077525 0.6121101625343405 0.0829793659766839 0.06770123035529281
0 0.41065189624715603 0.7243341424753487 0.049361382573423464 0.03499573821317572
0 0.2894891364988938 0.6178744348651348 0.04107528589277134 0.028381865177646404
0 0.6364037157576139 0.3751752427657989 0.03778526514684692 0.06715326674922295
0 0.5160203607785918 0.3714402748165028 0.0495981809137497 0.03812073821317572
0 0.42517206306296573 0.28614493776061894 0.06401587842423861 0.04346320967712849
0 0.46617557136133553 0.2998050233687608 0.039607874275053766 0.050111315963434676
0 0.4937794304895423 0.3156461931373024 0.03901587842423861 0.042298815963434676
0 0.6669451659673952 0.280333623659211 0.03707487012586874 0.05777826674922295
0 0.7010125126480473 0.27251896960643507 0.032387370125868745 0.05755994292790545
0 0.7407970630629658 0.27144446712523573 0.03863737012586874 0.05785104135632881
0 0.5001398647272841 0.09815047808349049 0.07623245850815116 0.08139985731976358
0 0.47536316244291027 0.18883113606520785 0.06569677759440165 0.04509848428423431
0 0.4828330429417413 0.1518940622438903 0.07268048340326043 0.03452485731976358
0 0.29205375497437747 0.18335603970369901 0.03908765601864026 0.08434076674922295
0 0.5831891630676103 0.09116842390688004 0.05831125269929238 0.09146406203449331
0 0.6607697114079363 0.0844410808551401 0.08368976099766208 0.07707623035529285
0 0.6387861224009539 0.19990341501553988 0.05045028589277152 0.028818512820281583
0 0.6394732066340515 0.17028868962264573 0.05885478174358667 0.0369948858558109
0 0.6371536900373119 0.13925701344396332 0.05897318091374952 0.0385573858558109
0 0.6921209194918801 0.37958660690998797 0.058121075934727706 0.04785961124870504
0 0.7512474657576138 0.3698263091435184 0.046709979254075586 0.04110018899896399
0 0.3771400726107354 0.11867064743774738 0.044176975104890735 0.048767139784752264
0 0.4966139682564135 0.02345880893412139 0.06614706348717299 0.04691761786824278
0 0.4616009348392199 0.6067442280834905 0.08946616431700996 0.07111732878371627
0 0.5611328738508465 0.3000532723353035 0.03383147095570571 0.05607021753501122
0 0.589198674265765 0.2995245794073981 0.03934776514684692 0.06722604135632881
0 0.1327216860886197 0.43678075434322616 0.04947978174358649 0.03655823821317572
0 0.6720844584849293 0.8289316354460354 0.05248638257342364 0.035141287427387626
0 0.7479476348485086 0.21817391791102403 0.03229228174358649 0.035757717535011314
0 0.23282381678794337 0.677343634203181 0.040366736102552814 0.12176799214211709
0 0.6994076655431879 0.6532766639820826 0.04898287427505377 0.050547963606069855
0 0.19484837487653173 0.7881013517381923 0.07256208423309748 0.03296235731976367
0 0.24305368961310467 0.532067521506734 0.040011538592063724 0.11708049214211709
0 0.31215519666207453 0.7297001927230177 0.07436138257342347 0.03616013192686936
0 0.3461265323450645 0.7950683275453713 0.0378318867226084 0.026673815963434676
0 0.2961265323450645 0.7973971149727587 0.04576278589277134 0.028600188998963993
0 0.029567086296078925 0.8954879743594368 0.05913417259215785 0.023077935070022447
0 0.13616507218652812 0.504349244004144 0.07208848755244537 0.02671235731976367
0 0.10624781616324348 0.7758796416467791 0.0331443867226084 0.026455492142117086
0 0.14329937550123165 0.6978616495046619 0.033996491701630216 0.01715326674922295
0 0.5381597443777008 0.8087005262642449 0.03723989087179334 0.018861315963434676
0 0.8152909294406351 0.767767195413614 0.03721658008391273 0.03910104135632882
0 0.7196119151422027 0.08870689578511752 0.043466580083912555 0.03939213978475231
0 0.4771882008112594 0.7297985843697967 0.024953378424238615 0.04164384449948209
0 0.3769284302890496 0.039274245866170794 0.040601689212119305 0.022131865177646436
0 0.365800753524485 0.08338811890170009 0.02521348755244528 0.02452911910658786
0 0.3700962446014152 0.160258833955512 0.030729781743586492 0.03568494292790545
0 0.3703796645175027 0.1976132847413003 0.0241245842330974 0.030706344499481997
0 0.7682420211469096 0.5667719296978483 0.03061138257342364 0.03412244292790554
0 0.7146630447926191 0.8012582456612829 0.07592388257342346 0.036232906533975394
0 0.7581753238369133 0.8537261201445544 0.03745337842423861 0.04222604135632899
0 0.5289813794499238 0.4058687787454443 0.09947978174358649 0.038887025640563164
0 0.3831738172121507 0.29588596484892415 0.03082487012586892 0.057487168320799586
0 0.523608640447586 0.33294070099518525 0.03901587842423861 0.042298815963434676
0 0.07473343256413473 0.33905603784167215 0.04043666846619491 0.06104881596343468
0 0.1287860055990774 0.09831972187823748 0.042235966806520954 0.06424659057054058
0 0.14557260912820674 0.014130966501553991 0.03385478174358654 0.028261933003107982
0 0.4405844981259003 0.2574013536002191 0.037358290041956364 0.020423815963434677