0 0.1817567761671849 0.15424096264322834 0.08642043131591733 0.27738066000954503
0 0.13374202332458748 0.3768250346515007 0.10993498407381015 0.14493178668045398
0 0.11037938901078097 0.48576422998886415 0.03856124203690507 0.07227498933799978
0 0.13330022049610749 0.5840017353198642 0.0909427893919517 0.08693747334499946
0 0.20335438623877072 0.6324386879774101 0.053957999858825635 0.14896475867281786
0 0.17597762806391426 0.9274881059834552 0.1358912683452643 0.08121473201781768
0 0.3303109993647155 0.6645779312937745 0.07785052616718495 0.15704997867599957
0 0.3113209917545564 0.36537736262731996 0.058933926195419775 0.12716248400699967
0 0.29852413111827325 0.481229629296638 0.03590667889684287 0.053506808004454245
0 0.5636221552193195 0.03956665125718532 0.0858002630835923 0.07907042934436313
0 0.49057106306947507 0.0873234459341394 0.07662268415851478 0.055542022676635903
0 0.7214801578501555 0.038511586569095396 0.10529371572854576 0.06524428668045391
0 0.810401775814249 0.5182712645608231 0.1283363735787013 0.11235564401654478
0 0.816377301981434 0.6745576272279139 0.1221465577372161 0.16693405601527206
0 0.6615609993647155 0.6607234885821403 0.09430998407381015 0.14474997334499945
0 0.3845644018120248 0.8578279446212749 0.06101163666229379 0.18964430267345414
0 0.476303851755555 0.9161756992759571 0.12917083148532651 0.09987382535009033
0 0.5842803496188294 0.3942541512571853 0.10078676820408994 0.2291431546785449
0 0.31192314732681176 0.04210458931413725 0.05822129465362354 0.0842091786282745
0 0.41455313659170656 0.25863591927913887 0.04644933674699843 0.10047271467218159
0 0.4036982075536894 0.354139323281366 0.049953768345264396 0.08021475867281787
0 0.8487461260683627 0.2504565085535052 0.04059417889684269 0.05356135200509069
0 0.8775177412604462 0.8786724152212324 0.055702510382169376 0.1521079400063634
0 0.503551807313693 0.6054921906031392 0.106263952503779 0.1355204240133631
0 0.7795642155873714 0.2035729652291866 0.15794827886860788 0.08459427068745358
0 0.3447118024755441 0.1601626039545021 0.0390162683452643 0.08008748933799978