0 0.16796875 0.1609375 0.27421875 0.0609375
0 0.39140625 0.1078125 0.140625 0.096875
0 0.5015625 0.08203125 0.0703125 0.03046875
0 0.59921875 0.10234375 0.08203125 0.0828125
0 0.64609375 0.17109375 0.14765625 0.040625
0 0.9421875 0.13671875 0.075 0.12890625
0 0.675 0.29765625 0.1546875 0.0640625
0 0.3765625 0.28515625 0.12421875 0.04765625
0 0.4921875 0.26953125 0.0515625 0.03203125
0 0.04453125 0.5453125 0.075 0.078125
0 0.09375 0.47109375 0.0515625 0.07265625
0 0.03984375 0.703125 0.0609375 0.1
0 0.5171875 0.78046875 0.10546875 0.11875
0 0.67421875 0.7828125 0.16171875 0.10625
0 0.66328125 0.628125 0.140625 0.08125
0 0.8671875 0.346875 0.1875 0.04375
0 0.9234375 0.4375 0.09375 0.1203125
0 0.3984375 0.5578125 0.225 0.0796875
0 0.0484375 0.29453125 0.09140625 0.04921875
0 0.2671875 0.39140625 0.0984375 0.0375
0 0.3625 0.378125 0.07734375 0.0421875
0 0.2484375 0.825 0.0515625 0.0359375
0 0.8765625 0.8390625 0.15 0.0421875
0 0.61171875 0.471875 0.13125 0.09453125
0 0.203125 0.75703125 0.07734375 0.15078125
0 0.1703125 0.3234375 0.07734375 0.03203125