0 0.1352320017036474 0.8560096222616084 0.2704640034072948 0.07835964687221449
0 0.3532772324311946 0.9078916856685858 0.14966534200867015 0.10574519780928675
0 0.4629406587677886 0.9329946372387962 0.07387711575678076 0.03646634890464355
0 0.5612262403237024 0.9115946618494025 0.08938028939195171 0.08839256175762458
0 0.6098527270989356 0.8425778888881489 0.15107665258848363 0.049631590129154544
0 0.9053171455430219 0.8754348191464582 0.08733194198043534 0.13356866943775678
0 0.6414884059251913 0.7159388325408003 0.16025423151356133 0.07329641066226814
0 0.34251257963094944 0.7299341702291795 0.12956567363517096 0.05524509263643722
0 0.4574550401684106 0.7450172641192581 0.055036110495108835 0.03435827962517131
0 0.028502401520120752 0.47156276293212374 0.057004803040241504 0.08352320533113407
0 0.06368817156903245 0.5457420605039836 0.058964747298576904 0.07502874373179366
0 0.024777433019564678 0.31423599623907633 0.049554866039129356 0.10342652837152996
0 0.4942905133659411 0.23350310259906001 0.1180359104104042 0.1251029515702104
0 0.6517767896743004 0.23025974531463947 0.17217737884037304 0.11731919530200426
0 0.6372530161379514 0.3855693709414601 0.1487552893919517 0.09012019780928666
0 0.8353895953453778 0.6652354535487675 0.19197466837349922 0.055501156901344474
0 0.8931026557840169 0.5745710011206272 0.10562691567207594 0.12630173871722886
0 0.3701117477926871 0.45761890102884967 0.23322129465362354 0.0941377595669115
0 0.030945955593431544 0.7227304578384166 0.06189191118686309 0.05580738229073816
0 0.23519217427045555 0.6242942724990351 0.10236613680346807 0.043534702823851565
0 0.33069439006958856 0.6372465650563301 0.08232665258848364 0.04763116943775678
0 0.22680688175355773 0.19050429420664755 0.05530912628012441 0.039045779625171126
0 0.8562437527720104 0.172820633015654 0.1542926578501554 0.05128501834240007
0 0.5819677347090947 0.5420406797960909 0.1401083314853265 0.10234741316955046
0 0.17978839760916046 0.2587852812745238 0.0917310156438412 0.15553459765100214
0 0.13647468223355047 0.6934186940483629 0.08168961575678066 0.03669366943775678