0 0.26796875 0.8992011523767222 0.115625 0.1801718893637169
0 0.1421875 0.7957814788121383 0.0625 0.177077710466874
0 0.15859375 0.6264245340596928 0.0625 0.13176521046687384
0 0.09453125 0.971130818331147 0.034375 0.0488771157567804
0 0.15390625 0.49958901827467717 0.05625 0.10015118942018653
0 0.16875 0.36607856826055973 0.05625 0.11577618942018661
0 0.13125 0.27014444198043536 0.084375 0.07366428413027978
0 0.15390625 0.16990151827467712 0.1046875 0.04359735253201391
0 0.14296875 0.02551448144297419 0.1015625 0.04029034200867019
0 0.27890625 0.15218193920842507 0.0546875 0.0656851841585147
0 0.4109375 0.1809656338196963 0.06875 0.06025423151356137
0 0.38984375 0.9870281050922627 0.0609375 0.025943789815474717
0 0.4765625 0.277756604809914 0.05625 0.10952618942018652
0 0.65546875 0.24364545727134068 0.1203125 0.060132405148732374
0 0.659375 0.1735604704255203 0.0875 0.07697129465362354
0 0.5015625 0.6057751889966635 0.078125 0.0795502630835923
0 0.4796875 0.48106361533325764 0.0625 0.12395271046687402
0 0.49609375 0.7054566705808121 0.065625 0.04757222099021767
0 0.49140625 0.6653399047957965 0.0625 0.034890210466873836
0 0.36640625 0.6135282338620487 0.03125 0.08463260523343692
0 0.575 0.9123961862952404 0.05 0.04197466837349921
0 0.30234375 0.7176095181335028 0.021875 0.08408657366340595
0 0.6375 0.9851876431335029 0.065625 0.029624713732994225
0 0.7828125 0.9767072851986427 0.1875 0.04658542960271461
0 0.67578125 0.7190472756730747 0.059375 0.03470819994353036
0 0.66484375 0.6848164888413718 0.05625 0.03452618942018652
0 0.65546875 0.6514579572713407 0.0625 0.031765210466874014
0 0.68828125 0.5971190677664495 0.109375 0.0532453683170294
0 0.5890625 0.5952464836502871 0.0625 0.08801521046687384
0 0.5421875 0.17454757580013164 0.065625 0.06475972099021768
0 0.271875 0.28849116553090176 0.034375 0.048877115756780665
0 0.31640625 0.06764731548854944 0.034375 0.08637711575678068
0 0.39296875 0.043200323310470044 0.1046875 0.038909852532013886
0 0.71640625 0.8050071624765428 0.025 0.06395608418674961
0 0.746875 0.8005317650791438 0.034375 0.06450211575678075
0 0.7890625 0.7912701571442838 0.040625 0.06799113680346806
0 0.45703125 0.814119039039016 0.065625 0.05069722099021767
0 0.5671875 0.8642849099868812 0.0375 0.041246626280124585
0 0.6046875 0.8399065362670054 0.028125 0.05163809471009344
0 0.6375 0.8332238967621144 0.034375 0.06762711575678075
0 0.50390625 0.8301304468891715 0.0375 0.058434126280124586
0 0.5328125 0.8435327942301004 0.028125 0.04851309471009344
0 0.34921875 0.33596467598365826 0.028125 0.045388094710093266
0 0.33984375 0.2932311444136272 0.0296875 0.03454159997176518
0 0.27109375 0.5275081629000657 0.025 0.07176858418674961
0 0.59921875 0.45599426785115416 0.06875 0.036816731513561504
0 0.28828125 0.40194672077845617 0.04375 0.09317314732681173
0 0.6515625 0.38013669411716106 0.11875 0.04129139988706054
0 0.6640625 0.9363334862105358 0.046875 0.041792657850155734
0 0.584375 0.9504422178652716 0.084375 0.034601784130279964
0 0.69921875 0.9180686045981524 0.0375 0.06937162628012458
0 0.76171875 0.9232713150650265 0.059375 0.04720819994353036
0 0.82109375 0.9064170150085566 0.040625 0.046116136803468065
0 0.71015625 0.08589314142985541 0.040625 0.06486613680346806
0 0.51484375 0.04639248372087427 0.115625 0.02860938936371682
0 0.17421875 0.9833427565065026 0.04375 0.033314486986994754