0 0.8794144489640262 0.855525902253887 0.16538842855814764 0.19893355172143146
0 0.9577894792415733 0.7388146066077235 0.08442104151685328 0.18619544954451292
0 0.9061657107922212 0.5737327544308053 0.09966639227157366 0.14211806733052795
0 0.8733546278514807 0.44796886259817326 0.08429567049962934 0.10886905771188111
0 0.8191763928372217 0.31834336078407477 0.08878768086722211 0.12460318511654282
0 0.827683377003009 0.21972481150971418 0.10425685598499967 0.0877579495445131
0 0.7763758637606942 0.12291180969561563 0.1159954383600926 0.06168652286549077
0 0.6491688147974536 0.1200273679556509 0.07347574769092588 0.07422123920022683
0 0.5284065469369905 0.16409977176918242 0.08570234561740726 0.07153274881887364
0 0.7895303256842111 0.9676588253047121 0.07380793836009243 0.06021330290255733
0 0.4930342663998607 0.267232206252753 0.08667837672018486 0.11829862141421188
0 0.3081124622528236 0.25454368937771205 0.13482335080120356 0.08103672359113023
0 0.28341596715379597 0.18592017494974178 0.10779195909527761 0.09255457694917477
0 0.5643684815274063 0.5929514580668516 0.09997945909527761 0.09228175843752062
0 0.5495261485866658 0.4678150488110244 0.09742038708777763 0.13425100362819703
0 0.5994064458064802 0.6907540410064762 0.07835873732333329 0.05881449400955034
0 0.5920143193691192 0.650773881750649 0.07101512902925915 0.04609623920022674
0 0.6992123732333322 0.5851985001696359 0.0560927580585183 0.08919147477225664
0 0.5829782378424984 0.9035888577040317 0.060487732139537086 0.05040179328391048
0 0.7924339844021283 0.6803597219466677 0.046581057021759166 0.08730159255827133
0 0.5445397459010166 0.9808308816658309 0.07652283524981467 0.03833823666833815
0 0.3998717948642574 0.9756671773119944 0.20023373732333322 0.048665645376011216
0 0.4279606727622209 0.7252679063454203 0.06775342799249984 0.044424611795565026
0 0.4280098994351376 0.690220783750082 0.06462842799249983 0.04431548439090349
0 0.4273462266264339 0.6559276293035783 0.0707417269557407 0.04297123920022692
0 0.3794268450052766 0.6067435956383143 0.12320234561740726 0.07284227767481415
0 0.47636063360092484 0.5929936088851582 0.08646376324231468 0.09804068511654265
0 0.39831850574944416 0.17279767077339053 0.08298744872768501 0.07611112141421197
0 0.6959446529219904 0.2540675512580951 0.04839783524981485 0.05465278366526398
0 0.5880269717719443 0.053246606522905505 0.05730394354388864 0.06742560217691825
0 0.5061912114043519 0.03481157585286643 0.11238242280870363 0.03819445916315991
0 0.4131647323758781 0.8143204826616228 0.04324144354388881 0.06693452885594056
0 0.38198308289425775 0.8140104586150058 0.05288984561740726 0.07038691106992552
0 0.3379596808207392 0.8093576749497418 0.0594132476909258 0.0737301658792493
0 0.6691611626774522 0.7936632753973795 0.07863213939685174 0.061939494009550344
0 0.5764651062213411 0.8558507621505356 0.04927683006601846 0.04689484736759475
0 0.5326371937802299 0.8356275421876024 0.042284536286573984 0.05599702885594056
0 0.4989067427434707 0.8328919225874891 0.05316324769092588 0.07351191106992552
0 0.6281745777104615 0.8148190235832808 0.05390554147037019 0.06419147477225665
0 0.6038970391148133 0.8311062224948218 0.04201113421305536 0.052872028855940556
0 0.6345963412820828 0.30956109390903375 0.04017523213953691 0.0496924651536097
0 0.6308370627712032 0.26659234390903375 0.03921832488222208 0.0387549651536097
0 0.7671627079174991 0.489434621583848 0.04548744872768502 0.07480159255827132
0 0.4255418444396287 0.45725451632688685 0.0775385311027776 0.04943949400955035
0 0.7136679780870364 0.36762161976974944 0.06954966531583313 0.1005654843909034
0 0.3517633003773604 0.3884747452754946 0.12849543836009253 0.06212303248413766
0 0.5026653127247205 0.938169699629331 0.05892523213953691 0.05034722958158007
0 0.5848332637614797 0.942596794001701 0.0931635311027776 0.04998513103285873
0 0.4632221039122667 0.9235516389222251 0.05642494872768502 0.0751835384745874
0 0.4035832637614797 0.9362674045313216 0.07197203628657398 0.057033739200226564
0 0.3403997585776834 0.9262723564380874 0.05294863421305544 0.05325397477225664
0 0.20861216531583313 0.10542165389834954 0.059276546654166574 0.07216766587924912
0 0.3877535696984259 0.04313745262455596 0.12115183006601846 0.049404777674814195
0 0.9844042155517816 0.9281226432682124 0.031191568896436907 0.04237103847458741