0 0.11640625 0.26796875 0.1734375 0.11640625
0 0.2125 0.1421875 0.1734375 0.06171875
0 0.3828125 0.15859375 0.12734375 0.06171875
0 0.034375 0.09453125 0.04765625 0.03359375
0 0.509375 0.15390625 0.09609375 0.05703125
0 0.64375 0.16875 0.11328125 0.05546875
0 0.7375 0.13125 0.06796875 0.08359375
0 0.8390625 0.15390625 0.0375 0.1046875
0 0.9828125 0.14296875 0.034375 0.1015625
0 0.8640625 0.27890625 0.0625 0.0546875
0 0.84296875 0.4109375 0.05703125 0.06875
0 0.0234375 0.38984375 0.046875 0.0609375
0 0.75 0.4765625 0.10703125 0.05703125
0 0.79453125 0.65546875 0.053125 0.1203125
0 0.86484375 0.659375 0.071875 0.08671875
0 0.4234375 0.5015625 0.07578125 0.078125
0 0.546875 0.4796875 0.1203125 0.06328125
0 0.3234375 0.49609375 0.04296875 0.06640625
0 0.36328125 0.49140625 0.03125 0.06328125
0 0.4078125 0.36640625 0.0828125 0.03125
0 0.12109375 0.575 0.0390625 0.05
0 0.3 0.30234375 0.0828125 0.021875
0 0.04453125 0.6375 0.040625 0.06484375
0 0.05625 0.7828125 0.0609375 0.18671875
0 0.3203125 0.67578125 0.03125 0.05859375
0 0.35390625 0.66484375 0.03125 0.05703125
0 0.38671875 0.65546875 0.02734375 0.06171875
0 0.44296875 0.68828125 0.04765625 0.11015625
0 0.4390625 0.5890625 0.08515625 0.06171875
0 0.85703125 0.5421875 0.0609375 0.06484375
0 0.72734375 0.271875 0.04765625 0.03515625
0 0.95078125 0.31640625 0.08359375 0.03359375
0 0.9796875 0.39296875 0.0328125 0.1046875
0 0.23671875 0.71640625 0.0625 0.025
0 0.24296875 0.746875 0.06328125 0.03515625
0 0.2546875 0.7890625 0.06484375 0.04140625
0 0.2125 0.45703125 0.04609375 0.06484375
0 0.16875 0.5671875 0.0390625 0.03828125
0 0.1953125 0.6046875 0.05 0.028125
0 0.20390625 0.6375 0.06484375 0.03359375
0 0.19921875 0.50390625 0.05546875 0.03828125
0 0.1875 0.5328125 0.04765625 0.028125
0 0.684375 0.34921875 0.04296875 0.028125
0 0.7265625 0.33984375 0.0328125 0.0296875
0 0.48828125 0.27109375 0.0703125 0.025
0 0.57890625 0.59921875 0.0328125 0.06875
0 0.61484375 0.28828125 0.090625 0.04375
0 0.6578125 0.6515625 0.03515625 0.11875
0 0.10234375 0.6640625 0.0390625 0.046875
0 0.08359375 0.584375 0.0296875 0.08359375
0 0.12265625 0.69921875 0.06640625 0.03828125
0 0.12109375 0.76171875 0.04453125 0.06015625
0 0.14140625 0.82109375 0.04453125 0.03984375
0 0.95546875 0.71015625 0.06328125 0.04140625
0 0.98359375 0.51484375 0.021875 0.11640625
0 0.02578125 0.17421875 0.0328125 0.04296875