0 0.10703125 0.165625 0.07578125 0.05078125
0 0.18125 0.18125 0.0578125 0.04921875
0 0.24296875 0.1859375 0.05703125 0.04609375
0 0.2890625 0.190625 0.03203125 0.034375
0 0.0953125 0.25703125 0.053125 0.02421875
0 0.084375 0.34609375 0.03125 0.0703125
0 0.1671875 0.27578125 0.028125 0.040625
0 0.25625 0.27890625 0.04140625 0.02578125
0 0.43359375 0.3078125 0.103125 0.1015625
0 0.37890625 0.18125 0.02421875 0.0328125
0 0.4859375 0.21015625 0.09453125 0.04296875
0 0.5859375 0.221875 0.084375 0.04609375
0 0.65703125 0.2140625 0.04765625 0.04453125
0 0.7359375 0.2265625 0.0703125 0.0375
0 0.79609375 0.2 0.04296875 0.06015625
0 0.85546875 0.21796875 0.02890625 0.07734375
0 0.9390625 0.22109375 0.01640625 0.075
0 0.86953125 0.31015625 0.0453125 0.0375
0 0.54921875 0.321875 0.06640625 0.02578125
0 0.25390625 0.43046875 0.0390625 0.0625
0 0.34375 0.35625 0.05859375 0.040625
0 0.3734375 0.3984375 0.0578125 0.03125
0 0.0859375 0.403125 0.03359375 0.028125
0 0.0890625 0.4375 0.03125 0.028125
0 0.08125 0.4734375 0.0328125 0.03203125
0 0.0828125 0.51484375 0.04296875 0.03984375
0 0.08828125 0.5578125 0.03125 0.0375
0 0.0875 0.603125 0.03125 0.040625
0 0.090625 0.64609375 0.03359375 0.034375
0 0.0859375 0.690625 0.040625 0.03828125
0 0.140625 0.7109375 0.01640625 0.040625
0 0.09921875 0.77265625 0.06875 0.0140625
0 0.1078125 0.80546875 0.07109375 0.03828125
0 0.1578125 0.796875 0.02265625 0.05703125
0 0.22890625 0.76953125 0.03125 0.0796875
0 0.26015625 0.7046875 0.0421875 0.03359375
0 0.28515625 0.66171875 0.0453125 0.0515625
0 0.31015625 0.6140625 0.0359375 0.046875
0 0.26953125 0.5828125 0.03671875 0.07578125
0 0.271875 0.50703125 0.03828125 0.06796875
0 0.29765625 0.45390625 0.0390625 0.0625
0 0.3390625 0.48984375 0.04296875 0.04765625
0 0.19765625 0.490625 0.02265625 0.03984375
0 0.190625 0.38984375 0.01875 0.10703125
0 0.2328125 0.34140625 0.053125 0.0265625
0 0.29765625 0.3421875 0.02734375 0.02734375
0 0.33203125 0.2484375 0.01171875 0.0609375
0 0.15078125 0.31796875 0.01875 0.02421875
0 0.1484375 0.3453125 0.0125 0.025
0 0.1515625 0.5234375 0.0140625 0.0484375
0 0.15078125 0.446875 0.015625 0.02421875
0 0.146875 0.4125 0.0140625 0.03125
0 0.19453125 0.59765625 0.021875 0.0421875
0 0.39375 0.675 0.03125 0.13203125
0 0.359375 0.7453125 0.02890625 0.028125
0 0.390625 0.575 0.02265625 0.0578125
0 0.43359375 0.5265625 0.0296875 0.0375
0 0.46953125 0.496875 0.02734375 0.025
0 0.47734375 0.475 0.03359375 0.0234375
0 0.4875 0.44140625 0.03125 0.03515625
0 0.4796875 0.4078125 0.03515625 0.01953125
0 0.4125 0.53828125 0.01640625 0.07265625
0 0.421875 0.59296875 0.01796875 0.02265625
0 0.43515625 0.61640625 0.03515625 0.02734375
0 0.5 0.62734375 0.0296875 0.02421875
0 0.5046875 0.653125 0.03203125 0.0234375
0 0.5078125 0.68046875 0.0390625 0.0203125
0 0.43515625 0.65859375 0.028125 0.0421875
0 0.44453125 0.70390625 0.02265625 0.0375
0 0.4609375 0.5234375 0.01796875 0.02265625
0 0.48125 0.5484375 0.0375 0.01796875
0 0.48359375 0.57265625 0.03046875 0.0203125
0 0.1984375 0.5421875 0.02734375 0.0140625
0 0.55078125 0.5953125 0.01640625 0.0453125
0 0.56875 0.59296875 0.0171875 0.0484375
0 0.5921875 0.58671875 0.01640625 0.05078125
0 0.62265625 0.534375 0.05546875 0.0453125
0 0.6125 0.4703125 0.04296875 0.05078125
0 0.6796875 0.45625 0.059375 0.040625
0 0.57578125 0.46484375 0.01640625 0.0484375
0 0.553125 0.465625 0.0234375 0.046875
0 0.565625 0.38359375 0.0171875 0.01640625
0 0.54375 0.38515625 0.01953125 0.01328125
0 0.60234375 0.371875 0.0453125 0.0265625
0 0.64765625 0.371875 0.0140625 0.03203125
0 0.71875 0.43125 0.01875 0.08828125
0 0.70234375 0.54140625 0.01953125 0.05546875
0 0.82734375 0.57890625 0.02265625 0.07578125
0 0.8703125 0.5828125 0.04140625 0.05859375
0 0.8671875 0.49609375 0.046875 0.04765625
0 0.8546875 0.40625 0.034375 0.0546875
0 0.80390625 0.4515625 0.07421875 0.03671875
0 0.7609375 0.3609375 0.025 0.0265625
0 0.7890625 0.35 0.01875 0.025
0 0.7921875 0.3046875 0.03828125 0.025
0 0.7265625 0.31015625 0.04765625 0.0296875
0 0.64765625 0.3046875 0.0453125 0.028125
0 0.9203125 0.3390625 0.05078125 0.03125
0 0.9328125 0.39140625 0.02578125 0.0546875
0 0.9390625 0.47265625 0.015625 0.09609375
0 0.6265625 0.59296875 0.04140625 0.04140625
0 0.621875 0.6359375 0.02109375 0.03515625
0 0.925 0.61796875 0.03125 0.02421875
0 0.375 0.2328125 0.015625 0.03046875
0 0.7484375 0.5765625 0.01875 0.0875
0 0.80703125 0.528125 0.01875 0.02421875
0 0.7859375 0.63125 0.09765625 0.01796875
0 0.875 0.62734375 0.059375 0.0125
0 0.1046875 0.834375 0.0703125 0.0125
0 0.20703125 0.28046875 0.0109375 0.028125
0 0.0734375 0.21796875 0.009375 0.04453125