0 0.03234348051550573 0.8169421022811776 0.06468696103101146 0.05630834980971962
0 0.09941277633348336 0.8082793680985082 0.06527405575957419 0.055608012851581276
0 0.16125907209111792 0.8092317144481868 0.0634564642443051 0.052419345855386726
0 0.20832539072756973 0.8087979743340185 0.035746052425594324 0.03727450692008212
0 0.02622089733518638 0.7244681007983027 0.05244179467037276 0.030353344866803765
0 0.024970241036830456 0.6351509328135252 0.04024210485118863 0.07327567391627668
0 0.09859931754919002 0.7126166996194392 0.03313123545613248 0.043397172927693364
0 0.1875342717915555 0.7178082184025195 0.04435577787978708 0.028281508897248564
0 0.3672535937619872 0.7055350059686801 0.11648561151914842 0.11064302273741297
0 0.2962399789088589 0.826489493117099 0.029368506667959694 0.03545733893530496
0 0.40668314239455966 0.808258099352609 0.09926641848667064 0.05232118676785795
0 0.5072570983039151 0.8053015371090501 0.09014651000193971 0.05506418479069168
0 0.577394255121656 0.819917135435895 0.05226387272903601 0.04884867688202625
0 0.6570020067886461 0.8145385687437117 0.07519118969849785 0.043553681824942105
0 0.7131723873935899 0.8466135811010013 0.051849284547746774 0.0628475098858317
0 0.7745403220911179 0.8342210104544854 0.039317333639361254 0.08102450692008212
0 0.8587877763334835 0.8392215282489826 0.024872196366457898 0.07576400395433254
0 0.8015329989127382 0.7436105979069153 0.0500636439408634 0.0409725098858317
0 0.4842975725501599 0.7024656971851623 0.06948332363742153 0.03086268083635879
0 0.20537496028210542 0.5664685528891998 0.04741687606301594 0.06578150889724857
0 0.2848713995215614 0.6488764876798914 0.06450878121376694 0.04623301285158128
0 0.31943758922005927 0.6095248276037791 0.06218100666795978 0.036794345855386726
0 0.034313161190491 0.5783106838021084 0.038360869395056174 0.03115184091247105
0 0.04258791785845077 0.5441585182887888 0.035235869395056164 0.03102450692008212
0 0.03927147028404508 0.507966350304011 0.03705346091032524 0.03421317391627667
0 0.04655768286136027 0.46671926779449713 0.04875623545613246 0.04403384288963732
0 0.05781391831749273 0.42485010277546903 0.03600114394086338 0.040399506920082116
0 0.06307524528889424 0.3796012697716635 0.036256235456132456 0.04352450692008229
0 0.07205150362384398 0.3368553542583439 0.03887105242559432 0.03740184091247105
0 0.07256155771642822 0.29219677026595503 0.0453761439408634 0.04078150889724856
0 0.13027833392922536 0.2765200321289532 0.02050368969849794 0.04132533695813834
0 0.09716268711342406 0.21167894072219057 0.07015300333397989 0.01998884783255326
0 0.1099973980237493 0.17928027619745412 0.07675368969849794 0.043617348821136395
0 0.1582595548414903 0.19300453657757746 0.029719193032477786 0.05883117193911027
0 0.22608491256761684 0.22633830140632508 0.04256987939699588 0.08271434091247096
0 0.2480079678681491 0.2938587238397269 0.04668355242559432 0.03772017589344294
0 0.26702916377556485 0.3393131452845456 0.05277405575957417 0.055098676882026076
0 0.28573149528889424 0.38867381672936424 0.043016418486670635 0.05002917490485981
0 0.2411206258938381 0.41664230783211564 0.04687474212409217 0.07821784190105419
0 0.2333721566485631 0.4923598908359213 0.0463645590935541 0.07196784190105418
0 0.2516280780101717 0.54718931228074 0.04741687606301594 0.06578150889724874
0 0.29812031179931414 0.5153782381741829 0.050828918486670635 0.0503475098858317
0 0.15735179058748683 0.5018038750185905 0.02688123545613248 0.04314250494291585
0 0.13668886209887657 0.6012945390490354 0.03380065727678296 0.10883117193911022
0 0.17238737497575415 0.6536992974519924 0.05711086939505616 0.031915844866803766
0 0.23703980633930238 0.6586852277940596 0.03211086939505616 0.03089717292769336
0 0.2581657651235957 0.7551755672236559 0.020599284547746864 0.06157416996194396
0 0.08726307588413976 0.6690431131555925 0.022480777879787084 0.027390170950527093
0 0.08871387664274412 0.6416675296574953 0.016103232122152568 0.025573002965749582
0 0.11569032013426388 0.4648331156270504 0.021141418486670595 0.04913783695813834
0 0.10475307801017167 0.5412046146384671 0.019355777879787085 0.027262836958138338
0 0.09654209422102913 0.5745755301517869 0.0181759151526907 0.03188666996194396
0 0.1684324249854525 0.3948681255128821 0.027008781213766975 0.04470500494291585
0 0.37704189256373755 0.335957335018153 0.04834138939893551 0.13434050790866542
0 0.35244024741492613 0.26284082859236235 0.03211086939505616 0.03089717292769345
0 0.36028521407512726 0.4356071665390838 0.029846738790112327 0.06039367193911023
0 0.39676497695200486 0.4880437584401379 0.0344386439408634 0.040335839923887916
0 0.4285890617993141 0.5206944323564147 0.031855777879787085 0.02777217292769336
0 0.4330534211924307 0.5428241003411922 0.037978232122152636 0.026464340912471053
0 0.43884116452447086 0.5775492688202613 0.035746052425594324 0.03727450692008212
0 0.42678770361414564 0.6099797668430951 0.037595594849248924 0.021776840912471052
0 0.3775366158918984 0.47393483748961096 0.02461710485118864 0.07263900395433272
0 0.39365569453028987 0.42050608996106886 0.022225686364518004 0.024265170950527094
0 0.41034885801599064 0.3984546764249156 0.03836086939505616 0.031151840912470963
0 0.4766115868041633 0.39331619026508 0.03341827787978709 0.027835839923887738
0 0.4841210689263159 0.3685390247517604 0.03485323212215263 0.026337006920082208
0 0.4910406196849202 0.3413862757403436 0.042410640606883376 0.023530341901054186
0 0.41613634347212314 0.3563626769192072 0.03325878121376693 0.04495967292769336
0 0.4314901475647074 0.3123089293906651 0.0266261439408634 0.04001750494291585
0 0.4237898625579185 0.4930641808735399 0.022225686364518004 0.024265170950527094
0 0.4467967989224365 0.4704861853221642 0.04072059484924893 0.021904174904859807
0 0.45268000816577186 0.4464266028126501 0.03459814060688356 0.023212006920082295
0 0.1646858005894265 0.45036870901097925 0.02940045757634535 0.01677100593149916
0 0.5221793072573864 0.43044611714710623 0.022448826971401558 0.046076503954332715
0 0.5398929657421172 0.43430328760334164 0.024393964244305268 0.05082767095052709
0 0.5627565098327618 0.4422895425462576 0.02283146424430509 0.05076400395433254
0 0.5856999311943702 0.4973099649796594 0.06176641848667046 0.050793178859192524
0 0.5672530780101717 0.5600500455120071 0.05108401000193972 0.0534725098858317
0 0.6321925517973745 0.5807246428502687 0.06450878121376694 0.04623301285158128
0 0.5302154636160854 0.5624601211014388 0.02270391848667046 0.04920150395433254
0 0.5077505322525371 0.5591931996566203 0.030516418486670638 0.04951983893530461
0 0.5088031070979067 0.6423240346375921 0.020153003333980023 0.017951503954332714
0 0.48711942573435857 0.6390889466908707 0.019897911818710767 0.014826503954332715
0 0.543592695279196 0.6578508755500632 0.049170823637421535 0.030035009885831698
0 0.5887138766427441 0.6620409684397005 0.01817591515269079 0.03188666996194396
0 0.6674605010387701 0.6095964007589341 0.03070760818516849 0.09001750494291585
0 0.6655787498308221 0.49821323178557336 0.026594193032477877 0.058703837946721474
0 0.7954734149835129 0.47215209197541624 0.03124974212409217 0.07758117193911022
0 0.8385697107411474 0.472340434370762 0.04872428454774678 0.06272017589344295
0 0.8236784211924306 0.5587408493897901 0.054081464244305266 0.052037343878220454
0 0.7992208130072622 0.6471030124316518 0.04209164727484325 0.05777800790866543
0 0.7547372314939327 0.5966918355496256 0.07987868969849785 0.04374468281352506
0 0.6998746461875814 0.6830312421656967 0.028858323637421534 0.029207338935304604
0 0.7261980301265052 0.6966454145990986 0.022480777879787084 0.027390170950527093
0 0.7232804531551037 0.7419897480971958 0.04123077787978709 0.02815417490485981
0 0.6591382048220936 0.7307538177551285 0.05111596091032524 0.03478617688202608
0 0.580104409064459 0.7291011344473117 0.04929836939505616 0.031597509885831696
0 0.8552000039137081 0.7199303587813303 0.05436850666795969 0.03647601087441501
0 0.8750340139156478 0.6690045287432742 0.032716647274843066 0.05739600593149916
0 0.8918226433126435 0.5881683642185377 0.02822033697334092 0.09770267095052709
0 0.5974503742268482 0.43978396646253415 0.045631235456132305 0.043906508897248564
0 0.598677905440615 0.3959384659682426 0.026371052425594323 0.03689250494291585
0 0.8974343987726554 0.44260119623376004 0.03498077787978708 0.02789950692008212
0 0.29888648891079855 0.7748633261209045 0.019738415152690703 0.031950336958138335
0 0.7166947107411474 0.46737440866759955 0.03070760818516849 0.09001750494291585
0 0.7679544507392077 0.5211970870325005 0.022480777879787084 0.027390170950527093
0 0.7608750165007215 0.41587291707055646 0.10035068636451819 0.02744852076024671
0 0.8492360148337316 0.4280956858536368 0.06065045757634522 0.0180443458553869
0 0.11079449453998821 0.15031035920125974 0.07158795757634535 0.018490014828747636
0 0.13863438618564183 0.7118964580223961 0.014795823637421624 0.028634335969555204
0 0.0023210761982496594 0.7617943458553869 0.004642152396499319 0.04419566897336082