0 0.08342759544076779 0.7862163694260677 0.08036020934118145 0.06338479282674854
0 0.15911793877304053 0.7731047282084734 0.06315452800763603 0.06062042574646931
0 0.220854870106586 0.7703514327838349 0.06155566534054513 0.057386165102807675
0 0.2669577107733587 0.7679094937958137 0.03481135200509069 0.039903734160558105
0 0.08001114676158654 0.6941927603915602 0.05503294533736347 0.0335116225281606
0 0.07740322008272346 0.6044582710352219 0.039917022676635903 0.07616901609154336
0 0.15332137742676843 0.6781200101394587 0.033321577339272455 0.046044473516896466
0 0.24245660276095019 0.6781421534507397 0.044095445337363516 0.032746798022528625
0 0.4220259240929048 0.6554209294296403 0.11380905601527207 0.12036676634364482
0 0.35545713677590407 0.7804862674289257 0.028543170671545236 0.037904191585911205
0 0.46462305144013144 0.7548692723726041 0.09905566534054504 0.06000842055068922
0 0.5653952107733587 0.7470407108564223 0.08969884667409041 0.06091535668871888
0 0.6358804334420405 0.7569677318916442 0.05212612133990877 0.05204310124083733
0 0.7155224801081769 0.7474891890648958 0.07396475867281786 0.050447750252101464
0 0.7729355381126312 0.7763136755712425 0.0507454346753633 0.06755884059717551
0 0.8337366781110405 0.7603337604684348 0.03688292934436319 0.08376299480421992
0 0.9173940627784493 0.759957066032532 0.024328385343726923 0.07820140965492613
0 0.8561196607654047 0.6680698508135088 0.04892839600572714 0.0455745799535137
0 0.5384049020925866 0.6449372614768409 0.06755112667090887 0.03594820767745457
0 0.2539833540738148 0.526432187979615 0.046076116008908666 0.06879355866619044
0 0.3369782147517234 0.6035085041873739 0.06460794000636341 0.05135468639013112
0 0.37011743141308723 0.5620969003486466 0.06137385200509069 0.041761165102807675
0 0.08456119207508746 0.5476619678169132 0.03786362667090888 0.03387225544788173
0 0.0912015434038604 0.5135765449204355 0.03473862667090888 0.0336537341605581
0 0.08608678206554243 0.47718557685142066 0.03633748933799978 0.03688799480421991
0 0.09185497672658816 0.4353422842767737 0.04896475867281791 0.048699579953513705
0 0.10152033072086115 0.39244459009297245 0.03484771467218155 0.04302873416055819
0 0.10490841271481596 0.3476401884838181 0.03644657733927246 0.046262994804219915
0 0.11143967604231624 0.3041797655873403 0.03793635200509069 0.04012225544788164
0 0.11092150803627106 0.25964851558734026 0.044240896005727004 0.04524679802252862
0 0.16778003536758934 0.24081675209368694 0.02080339600572705 0.0436078883676025
0 0.13186016935868067 0.177650116576076 0.0705670386696362 0.026791728964778105
0 0.14399654268777176 0.1455260314267821 0.07552725867281791 0.050557010895763276
0 0.19258858402290804 0.15542020147326832 0.028797709341181442 0.059779191585911204
0 0.26096641402768056 0.18582361347398285 0.04002611067790855 0.08554401609154336
0 0.28596696137013466 0.25131757349722594 0.045767033338636055 0.04223105866619026
0 0.30680672004295256 0.2952096851296234 0.050654528007635945 0.05974634059717552
0 0.3277010227164068 0.34378929676202086 0.041206802673454314 0.05284077673520508
0 0.2842691960534521 0.37419234478454944 0.046221566677272286 0.08129355866619034
0 0.27968224073040615 0.45035600703736556 0.044586341343090474 0.07493429802252863
0 0.29985892807126946 0.5044589989915937 0.046076116008908666 0.06879355866619044
0 0.3447987107335878 0.46925919032540353 0.04903748400699968 0.054949579953513704
0 0.2039918973981334 0.4634676482549597 0.02705339600572696 0.04404493094224957
0 0.18718675274504185 0.5647241456570696 0.03094201201463571 0.10988845222957302
0 0.22529582741881424 0.614445640209188 0.05661362667090888 0.035183383171822416
0 0.289431052752996 0.6162159538190568 0.031613626670908876 0.03343521287323483
0 0.31555829543281366 0.7113427835204691 0.019477253341817758 0.06381112772394068
0 0.14109355008749597 0.6351894649669216 0.022184082670272564 0.028092149011264313
0 0.1415566267504507 0.6077910846450909 0.015934082670272565 0.027655106436617415
0 0.16137713605981543 0.42969893563382655 0.019331802673454225 0.05131112772394068
0 0.15288393073676948 0.5061357494957969 0.01905908267027252 0.027873627723940864
0 0.14624357940799657 0.5402211723922747 0.01756930800445433 0.03401436708027905
0 0.21056806671704315 0.356671345036651 0.027071577339272502 0.045607430942249484
0 0.4161635387094071 0.28599894007330195 0.046876094684908234 0.13754355866619025
0 0.38874651603277127 0.21441887101555146 0.031613626670908876 0.03343521287323466
0 0.40403680338954284 0.3861464055444267 0.02881589067472685 0.061341691585911205
0 0.44214587806331523 0.435867900096545 0.033285214672181596 0.04291947351689647
0 0.4753492767345423 0.46716717657964857 0.031577264003817974 0.03031021287323483
0 0.4810816560709513 0.48944101432683257 0.036246582670272434 0.029075494804219913
0 0.48773164540895103 0.5233789717521857 0.03481135200509069 0.039903734160558105
0 0.47717595341340535 0.5569562962578177 0.03619203866963616 0.024387994804219916
0 0.42246008672817903 0.42395240814231683 0.024292022676635838 0.07507640965492612
0 0.4366765807208612 0.3690081820275303 0.020585220003181703 0.0248578883676025
0 0.4520470420512249 0.34604057559091295 0.03786362667090888 0.03387225544788164
0 0.5176265887173613 0.33754537855712 0.033139764003817976 0.030419473516896466
0 0.5243669373806342 0.3120537056606422 0.03312158267027261 0.028856973516896468
0 0.5302987640435889 0.2842729130859953 0.04091590133672707 0.027840776735205085
0 0.4562436460454979 0.3035252936599277 0.03333975867281787 0.04760697351689647
0 0.4697970687062254 0.2587919478669721 0.025454533338636055 0.04081067029858776
0 0.468781103397497 0.44026046915429556 0.020585220003181703 0.0248578883676025
0 0.4919549740610881 0.4159653094993695 0.039317038669636165 0.02460651609154336
0 0.4963606633911337 0.39141877756838434 0.0330852200031817 0.02573197351689647
0 0.20965100405790643 0.4122493556803127 0.02988749466899989 0.01926345222957302
0 0.5649288500556793 0.37098630924726794 0.020857940006363408 0.0482953883676025
0 0.5829521440563156 0.37441731184515803 0.022456802673454134 0.05152964901126431
0 0.6057083913908154 0.38142678251206286 0.020912484006999677 0.052982888367602496
0 0.6313538287316789 0.4351473622134751 0.061537484006999675 0.055823665102807674
0 0.6148935820734966 0.4988492292937542 0.04907384667409058 0.05807457995351371
0 0.6807640300763602 0.5153540322599613 0.06460794000636341 0.05135468639013112
0 0.5781930134070421 0.502979354419805 0.020894302673454136 0.0514203883676025
0 0.5555004007399511 0.5014386337529001 0.028688621339908772 0.05040419158591121
0 0.5603702614178597 0.5839779821437459 0.01894999466899989 0.018498627723940685
0 0.5384498080839961 0.5816013811550101 0.020476132001908988 0.015482888367602499
0 0.5957083247533141 0.5971446176613568 0.04880112667090906 0.03463707995351371
0 0.6410753687539505 0.5986635589951664 0.01756930800445424 0.03401436708027923
0 0.7170378847469508 0.5417472874557414 0.029161336012090366 0.0910291915859112
0 0.7110504193984515 0.4303563193867267 0.025672709341181488 0.05956067029858776
0 0.8388936087284972 0.39717819660646436 0.03057838534372692 0.07863845222957302
0 0.88187144939527 0.39495477890576663 0.047620434675363296 0.06734031930985207
0 0.8711526727402694 0.4817117337332297 0.052162484006999674 0.05516810124083733
0 0.850304918085587 0.571522632744494 0.04129770934118149 0.060653276735205
0 0.80362027474536 0.5239645717325152 0.07865225867281786 0.050775532183086725
0 0.7530577480903595 0.6135076729733524 0.028470445337363516 0.03165419158591121
0 0.7797838800922685 0.6257127420311029 0.022184082670272432 0.028092149011264313
0 0.7787486387650864 0.6711345026747646 0.040952264003817976 0.030965776735205175
0 0.7137594380967228 0.6631688193867267 0.05039998933799979 0.03787134059717552
0 0.6348168254296319 0.6655614818916442 0.04881930800445442 0.03619957995351371
0 0.9097531907622229 0.6408628586071788 0.05354317067154497 0.039652361884499145
0 0.9263497974219959 0.5888797415268998 0.03190452800763595 0.05843521287323465
0 0.9402662994111782 0.5081542654121133 0.026145424013363082 0.10018567029858776
0 0.6408373693904974 0.37662466802967387 0.045839758672817865 0.048481058666190256
0 0.6395470420512248 0.33292929835150475 0.025418170671545327 0.037685670298587756
0 0.9401288447246792 0.3619512547684516 0.03470226400381797 0.030528734160558103
0 0.3564105621021317 0.7280332567852639 0.019131808004454333 0.03412362772394069
0 0.7607049740610881 0.39717247878955114 0.029161336012090366 0.0910291915859112
0 0.8144572300684061 0.4473638669050521 0.022184082670272432 0.028092149011264313
0 0.8030828307208612 0.3433865610888534 0.09876476400381798 0.03500842055068931
0 0.8907373720559975 0.3505492150437962 0.061155676002545435 0.023011165102807672
0 0.14365109735040832 0.1158385314267821 0.0721113573360908 0.02533848960843983
0 0.19393728675999572 0.6744979834042535 0.01440794533736347 0.030670845792955603
0 0.05465715809990449 0.7327143110119788 0.014571577339272456 0.044733345792955605